Strand	Read	Position	nMethylated	nUnmethylated
OT	1	1	201813	9605009
OT	2	1	109164	10213655
OT	1	2	113634	8344912
OT	2	2	110465	10087156
OT	1	3	100379	9393930
OT	2	3	114427	10143028
OT	1	4	99510	10140717
OT	2	4	69728	10360463
OT	1	5	82514	10305480
OT	2	5	65763	10323742
OT	1	6	80360	10742882
OT	2	6	63577	10415194
OT	1	7	66283	9625846
OT	2	7	64403	10218893
OT	1	8	71770	10716399
OT	2	8	64843	10397532
OT	1	9	68926	10496914
OT	2	9	62453	10349310
OT	1	10	66611	10430028
OT	2	10	61835	10388120
OT	1	11	65484	10476097
OT	2	11	60261	10366423
OT	1	12	65987	10569746
OT	2	12	59966	10384291
OT	1	13	63251	10390211
OT	2	13	60149	10396899
OT	1	14	62362	10340065
OT	2	14	59179	10347767
OT	1	15	63113	10481880
OT	2	15	62921	10345503
OT	1	16	61878	10395537
OT	2	16	60029	10399395
OT	1	17	65524	10295576
OT	2	17	58900	10330152
OT	1	18	62525	10463310
OT	2	18	60221	10352344
OT	1	19	59765	10211887
OT	2	19	60907	10352604
OT	1	20	59858	10298906
OT	2	20	60376	10330504
OT	1	21	61157	10560854
OT	2	21	58466	10383923
OT	1	22	69048	10511930
OT	2	22	58815	10424382
OT	1	23	60403	10473935
OT	2	23	58148	10370134
OT	1	24	60374	10527650
OT	2	24	58288	10387141
OT	1	25	60591	10416982
OT	2	25	58465	10412690
OT	1	26	59862	10427544
OT	2	26	58930	10357717
OT	1	27	60382	10543401
OT	2	27	57837	10388025
OT	1	28	60440	10442457
OT	2	28	59546	10405113
OT	1	29	59325	10428086
OT	2	29	57770	10353532
OT	1	30	59740	10544329
OT	2	30	58874	10376329
OT	1	31	59267	10431948
OT	2	31	57896	10410905
OT	1	32	59355	10420385
OT	2	32	59115	10361309
OT	1	33	59621	10526441
OT	2	33	57740	10381880
OT	1	34	59078	10423408
OT	2	34	57737	10409850
OT	1	35	58603	10409089
OT	2	35	58667	10342224
OT	1	36	59444	10524166
OT	2	36	58896	10364111
OT	1	37	58270	10418771
OT	2	37	57235	10396881
OT	1	38	58645	10405893
OT	2	38	57086	10356482
OT	1	39	59905	10502036
OT	2	39	57539	10369191
OT	1	40	58482	10400921
OT	2	40	56791	10395881
OT	1	41	58329	10389223
OT	2	41	57046	10342228
OT	1	42	59126	10485307
OT	2	42	57012	10364727
OT	1	43	58088	10395194
OT	2	43	57552	10393453
OT	1	44	57967	10369355
OT	2	44	57961	10313688
OT	1	45	58712	10478651
OT	2	45	58556	10349291
OT	1	46	60152	10362660
OT	2	46	57162	10376627
OT	1	47	59544	10353579
OT	2	47	56382	10318078
OT	1	48	58402	10457754
OT	2	48	56926	10332401
OT	1	49	57416	10361688
OT	2	49	56909	10361309
OT	1	50	57809	10338076
OT	2	50	56504	10305199
OT	1	51	57780	10441430
OT	2	51	58818	10299555
OT	1	52	57177	10345362
OT	2	52	56679	10349869
OT	1	53	57346	10321172
OT	2	53	56789	10286990
OT	1	54	57903	10425709
OT	2	54	58148	10295877
OT	1	55	57125	10323956
OT	2	55	57896	10320806
OT	1	56	56977	10297963
OT	2	56	56395	10261432
OT	1	57	59820	10368794
OT	2	57	56876	10262565
OT	1	58	56615	10297313
OT	2	58	56959	10298711
OT	1	59	56384	10267467
OT	2	59	58130	10216719
OT	1	60	57014	10361624
OT	2	60	55992	10249845
OT	1	61	58212	10245903
OT	2	61	56631	10276077
OT	1	62	56229	10243425
OT	2	62	55398	10208500
OT	1	63	57279	10343297
OT	2	63	56667	10218118
OT	1	64	56547	10235720
OT	2	64	55981	10245095
OT	1	65	56414	10206828
OT	2	65	55854	10178354
OT	1	66	56759	10295417
OT	2	66	56021	10187086
OT	1	67	56207	10194591
OT	2	67	57670	10191057
OT	1	68	56063	10173199
OT	2	68	55529	10142793
OT	1	69	57024	10255243
OT	2	69	58138	10126616
OT	1	70	57622	10144760
OT	2	70	56080	10157934
OT	1	71	55649	10132118
OT	2	71	55068	10102039
OT	1	72	55937	10219741
OT	2	72	56771	10092842
OT	1	73	55976	10111301
OT	2	73	57124	10111709
OT	1	74	55748	10085683
OT	2	74	54675	10048769
OT	1	75	56112	10161732
OT	2	75	54991	10049343
OT	1	76	55222	10062388
OT	2	76	55175	10072209
OT	1	77	55009	10033022
OT	2	77	55006	9988842
OT	1	78	55628	10110511
OT	2	78	54995	9991929
OT	1	79	55144	10004278
OT	2	79	56042	10003422
OT	1	80	54674	9982927
OT	2	80	54272	9932171
OT	1	81	55257	10052513
OT	2	81	54171	9923381
OT	1	82	54631	9958309
OT	2	82	54642	9935606
OT	1	83	55151	9922717
OT	2	83	54460	9850794
OT	1	84	55248	10001916
OT	2	84	54245	9839289
OT	1	85	54665	9894596
OT	2	85	54982	9847542
OT	1	86	54678	9858777
OT	2	86	53519	9762016
OT	1	87	55214	9937124
OT	2	87	53834	9740710
OT	1	88	56981	9818637
OT	2	88	55347	9752052
OT	1	89	53999	9802844
OT	2	89	54034	9667086
OT	1	90	54741	9872586
OT	2	90	53694	9662013
OT	1	91	53983	9773410
OT	2	91	53751	9676899
OT	1	92	54362	9740438
OT	2	92	53188	9598135
OT	1	93	57143	9790717
OT	2	93	53420	9593833
OT	1	94	53928	9715277
OT	2	94	54332	9608996
OT	1	95	53573	9687990
OT	2	95	54236	9513503
OT	1	96	54012	9755237
OT	2	96	53331	9523837
OT	1	97	53551	9659955
OT	2	97	53654	9545173
OT	1	98	53657	9633734
OT	2	98	52842	9467237
OT	1	99	53867	9700496
OT	2	99	52926	9464577
OT	1	100	52881	9597663
OT	2	100	53664	9483201
OT	1	101	53007	9576756
OT	2	101	53244	9409895
OT	1	102	53181	9643415
OT	2	102	53441	9400451
OT	1	103	53395	9549728
OT	2	103	52984	9429928
OT	1	104	52793	9509444
OT	2	104	53287	9341974
OT	1	105	56223	9555107
OT	2	105	53158	9342932
OT	1	106	55677	9459651
OT	2	106	53838	9359574
OT	1	107	52903	9442591
OT	2	107	53003	9279783
OT	1	108	55709	9488211
OT	2	108	52916	9269674
OT	1	109	52883	9409893
OT	2	109	52894	9298072
OT	1	110	52300	9379943
OT	2	110	52817	9205719
OT	1	111	52698	9438758
OT	2	111	53045	9200587
OT	1	112	53937	9330330
OT	2	112	53138	9226874
OT	1	113	52951	9306611
OT	2	113	53099	9137780
OT	1	114	52713	9360305
OT	2	114	53208	9128721
OT	1	115	52165	9270115
OT	2	115	53100	9151283
OT	1	116	52065	9232677
OT	2	116	52947	9046067
OT	1	117	52263	9279362
OT	2	117	52386	9044924
OT	1	118	54058	9177498
OT	2	118	52878	9066452
OT	1	119	52097	9147246
OT	2	119	52613	8968321
OT	1	120	52329	9197654
OT	2	120	52634	8938717
OT	1	121	51929	9100640
OT	2	121	55123	8937246
OT	1	122	50976	9061085
OT	2	122	54248	8839630
OT	1	123	51735	9109507
OT	2	123	52554	8822388
OT	1	124	55255	8990794
OT	2	124	54649	8822901
OT	1	125	51287	8973055
OT	2	125	52089	8723442
OT	1	126	51718	9021494
OT	2	126	52042	8698909
OT	1	127	52714	8898658
OT	2	127	52472	8710169
OT	1	128	51481	8874298
OT	2	128	52505	8575274
OT	1	129	51113	8922076
OT	2	129	51628	8482165
OT	1	130	51041	8823518
OT	2	130	51822	8504222
OT	1	131	50359	8785959
OT	2	131	53414	8418474
OT	1	132	52695	8806755
OT	2	132	53485	8402452
OT	1	133	50270	8718467
OT	2	133	54243	8528017
OT	1	134	50150	8680225
OT	2	134	52620	8320431
OT	1	135	53838	8696032
OT	2	135	52868	8218698
OT	1	136	50211	8621943
OT	2	136	52197	8203513
OT	1	137	49992	8580768
OT	2	137	53150	8107658
OT	1	138	50639	8616345
OT	2	138	52603	8135698
OT	1	139	52072	8500761
OT	2	139	53467	8145758
OT	1	140	49913	8475894
OT	2	140	52795	8014371
OT	1	141	50198	8506949
OT	2	141	52699	7967546
OT	1	142	49605	8413765
OT	2	142	54883	8050493
OT	1	143	51451	8363031
OT	2	143	54467	7943781
OT	1	144	51038	8399526
OT	2	144	52805	7529381
OT	1	145	49254	8306056
OT	2	145	59133	8177971
OT	1	146	49279	8263109
OT	2	146	59308	7697864
OT	1	147	50146	8291018
OT	2	147	64298	7818138
OT	1	148	48731	8192566
OT	2	148	71911	8119791
OT	1	149	50440	8108737
OT	2	149	72945	7235141
OT	1	150	48007	8121601
OT	2	150	86364	7738540
OT	1	151	40997	7742678
OT	2	151	137499	7754177
OB	1	1	64824	9830397
OB	2	1	177749	10314222
OB	1	2	60986	9784149
OB	2	2	98305	9505397
OB	1	3	61642	9609503
OB	2	3	83642	8774417
OB	1	4	58978	9844885
OB	2	4	82906	9927577
OB	1	5	58265	9819079
OB	2	5	72751	9385224
OB	1	6	56087	9725703
OB	2	6	66129	9195330
OB	1	7	56273	9825403
OB	2	7	66291	9803230
OB	1	8	57145	9727283
OB	2	8	58335	8844351
OB	1	9	56903	9762287
OB	2	9	61088	9413195
OB	1	10	55273	9796589
OB	2	10	60509	9491724
OB	1	11	55656	9832391
OB	2	11	58057	9319017
OB	1	12	55411	9783966
OB	2	12	58178	9350942
OB	1	13	57244	9816215
OB	2	13	58963	9507546
OB	1	14	56151	9879261
OB	2	14	57819	9439048
OB	1	15	55129	9827984
OB	2	15	57905	9375168
OB	1	16	55326	9861998
OB	2	16	56444	9480581
OB	1	17	57966	9909069
OB	2	17	57754	9448705
OB	1	18	55219	9894057
OB	2	18	57265	9557852
OB	1	19	55718	9956625
OB	2	19	60308	9810549
OB	1	20	57174	9980403
OB	2	20	57753	9580338
OB	1	21	55282	9949236
OB	2	21	58498	9601142
OB	1	22	55424	9982633
OB	2	22	56123	9694353
OB	1	23	55674	10037434
OB	2	23	55713	9630997
OB	1	24	56038	10001764
OB	2	24	56326	9727211
OB	1	25	56986	10048828
OB	2	25	57177	9877383
OB	1	26	56144	10111854
OB	2	26	56330	9815659
OB	1	27	55918	10064535
OB	2	27	56319	9835532
OB	1	28	58451	10092420
OB	2	28	59420	9948682
OB	1	29	56135	10169960
OB	2	29	56975	9896207
OB	1	30	55909	10121232
OB	2	30	59028	9912577
OB	1	31	55787	10157591
OB	2	31	58936	10017349
OB	1	32	55814	10209135
OB	2	32	56631	9965356
OB	1	33	55750	10162908
OB	2	33	56584	9995235
OB	1	34	57632	10185732
OB	2	34	56901	10106782
OB	1	35	56186	10254806
OB	2	35	56537	10028179
OB	1	36	55826	10179216
OB	2	36	56712	10021277
OB	1	37	56125	10219246
OB	2	37	57440	10119972
OB	1	38	56335	10263132
OB	2	38	56610	10041356
OB	1	39	56347	10208720
OB	2	39	56793	10038806
OB	1	40	57398	10215751
OB	2	40	56306	10126669
OB	1	41	56474	10279427
OB	2	41	56733	10047413
OB	1	42	56066	10214439
OB	2	42	56397	10049824
OB	1	43	56586	10236699
OB	2	43	56467	10133396
OB	1	44	58738	10276582
OB	2	44	55339	10064834
OB	1	45	56190	10228159
OB	2	45	55701	10063672
OB	1	46	58106	10237343
OB	2	46	57663	10143340
OB	1	47	58432	10281856
OB	2	47	55328	10076437
OB	1	48	55950	10237780
OB	2	48	56516	10068866
OB	1	49	56042	10264624
OB	2	49	56181	10158608
OB	1	50	56318	10317081
OB	2	50	56388	10085277
OB	1	51	56074	10249565
OB	2	51	54982	10082681
OB	1	52	56092	10273252
OB	2	52	56197	10175606
OB	1	53	56483	10324113
OB	2	53	55530	10099221
OB	1	54	55583	10258639
OB	2	54	55302	10101378
OB	1	55	56610	10285887
OB	2	55	56173	10180696
OB	1	56	56933	10331125
OB	2	56	54885	10110536
OB	1	57	56319	10266845
OB	2	57	57107	10100188
OB	1	58	56558	10301315
OB	2	58	55808	10199815
OB	1	59	58861	10330836
OB	2	59	55828	10133733
OB	1	60	56468	10287421
OB	2	60	55198	10140972
OB	1	61	56196	10312572
OB	2	61	55888	10222023
OB	1	62	56867	10361536
OB	2	62	55093	10159204
OB	1	63	56623	10291364
OB	2	63	56508	10157380
OB	1	64	58339	10304207
OB	2	64	57679	10242018
OB	1	65	56970	10368433
OB	2	65	55870	10184362
OB	1	66	56526	10297428
OB	2	66	55290	10193806
OB	1	67	56724	10311426
OB	2	67	56965	10275512
OB	1	68	57272	10364542
OB	2	68	56298	10211171
OB	1	69	56948	10285257
OB	2	69	56307	10206920
OB	1	70	56497	10301027
OB	2	70	56397	10294012
OB	1	71	56896	10349678
OB	2	71	55975	10220981
OB	1	72	56282	10268690
OB	2	72	56112	10215511
OB	1	73	56923	10274531
OB	2	73	57630	10267653
OB	1	74	57350	10327676
OB	2	74	56034	10216530
OB	1	75	56584	10243574
OB	2	75	56215	10190341
OB	1	76	56610	10255502
OB	2	76	56608	10276608
OB	1	77	57522	10296847
OB	2	77	56030	10185497
OB	1	78	57222	10211554
OB	2	78	56210	10173035
OB	1	79	56837	10232959
OB	2	79	57937	10231920
OB	1	80	57287	10282734
OB	2	80	57385	10147576
OB	1	81	56673	10185284
OB	2	81	55571	10150437
OB	1	82	57855	10184415
OB	2	82	57391	10193228
OB	1	83	57106	10243201
OB	2	83	60259	10097281
OB	1	84	56799	10146137
OB	2	84	55792	10105711
OB	1	85	56470	10157882
OB	2	85	59062	10149456
OB	1	86	57601	10193187
OB	2	86	55514	10079439
OB	1	87	56714	10106806
OB	2	87	55719	10061430
OB	1	88	57236	10114445
OB	2	88	56490	10118765
OB	1	89	57276	10160667
OB	2	89	56362	10030479
OB	1	90	56565	10055339
OB	2	90	55574	10009724
OB	1	91	57919	10042294
OB	2	91	56184	10062366
OB	1	92	56593	10098318
OB	2	92	55336	9977914
OB	1	93	56575	10002272
OB	2	93	58543	9929716
OB	1	94	56893	10003675
OB	2	94	56244	10005075
OB	1	95	58444	10030772
OB	2	95	56681	9911772
OB	1	96	56629	9953507
OB	2	96	55333	9901614
OB	1	97	56587	9954277
OB	2	97	57013	9942058
OB	1	98	56561	9996689
OB	2	98	57458	9858379
OB	1	99	56045	9892055
OB	2	99	55245	9842306
OB	1	100	56464	9894213
OB	2	100	55823	9881415
OB	1	101	56674	9934276
OB	2	101	57969	9772830
OB	1	102	56610	9837050
OB	2	102	55445	9773438
OB	1	103	56615	9831085
OB	2	103	55549	9813528
OB	1	104	56738	9870252
OB	2	104	54739	9731021
OB	1	105	57778	9755838
OB	2	105	54585	9701583
OB	1	106	58420	9743441
OB	2	106	55652	9740777
OB	1	107	57240	9797627
OB	2	107	56404	9650295
OB	1	108	56711	9690884
OB	2	108	56743	9605751
OB	1	109	56171	9683891
OB	2	109	55271	9667422
OB	1	110	56695	9716614
OB	2	110	54539	9576834
OB	1	111	56016	9614076
OB	2	111	54771	9548448
OB	1	112	56122	9608899
OB	2	112	55569	9583417
OB	1	113	57085	9650467
OB	2	113	54937	9493797
OB	1	114	55503	9534512
OB	2	114	53890	9465499
OB	1	115	55836	9526560
OB	2	115	54499	9494874
OB	1	116	56528	9568751
OB	2	116	55698	9390272
OB	1	117	55629	9456918
OB	2	117	55852	9362503
OB	1	118	56061	9440236
OB	2	118	54590	9409314
OB	1	119	56081	9481505
OB	2	119	53765	9317414
OB	1	120	55432	9362561
OB	2	120	55432	9275315
OB	1	121	55491	9353075
OB	2	121	54666	9312895
OB	1	122	56862	9394480
OB	2	122	55325	9205287
OB	1	123	56036	9276019
OB	2	123	53660	9183407
OB	1	124	56233	9258421
OB	2	124	55350	9204105
OB	1	125	56648	9300462
OB	2	125	53664	9121337
OB	1	126	55624	9170606
OB	2	126	55114	9070831
OB	1	127	55257	9141952
OB	2	127	54104	9113724
OB	1	128	56037	9189035
OB	2	128	53544	9020299
OB	1	129	56023	9105971
OB	2	129	53168	8978978
OB	1	130	62384	9114765
OB	2	130	53774	8995822
OB	1	131	56415	9100429
OB	2	131	53161	8911109
OB	1	132	55249	8860228
OB	2	132	55363	8862471
OB	1	133	54704	8769807
OB	2	133	56411	8877458
OB	1	134	56361	8913434
OB	2	134	53782	8786359
OB	1	135	58973	8757831
OB	2	135	52977	8748443
OB	1	136	56040	8796531
OB	2	136	53356	8778795
OB	1	137	56878	8826057
OB	2	137	56045	8645094
OB	1	138	56643	8674351
OB	2	138	52885	8643434
OB	1	139	56316	8679050
OB	2	139	53082	8654341
OB	1	140	58255	8776577
OB	2	140	52088	8555338
OB	1	141	58116	8666396
OB	2	141	52501	8510504
OB	1	142	59367	8595358
OB	2	142	53437	8511468
OB	1	143	60591	8617547
OB	2	143	54138	8418897
OB	1	144	62583	8700607
OB	2	144	54234	8371472
OB	1	145	58914	7876891
OB	2	145	55315	8375954
OB	1	146	69137	8670761
OB	2	146	51591	8284816
OB	1	147	71032	8286905
OB	2	147	52124	8229938
OB	1	148	83236	8107382
OB	2	148	54745	8257384
OB	1	149	84796	7484919
OB	2	149	91009	8122410
OB	1	150	97362	6655738
OB	2	150	86464	8063057
OB	1	151	157167	7295692
OB	2	151	64581	7603501
